player_id,general,combat,performance,economy,segments
18645,"{'series_played': 0, 'games_played': 0}","{'kills': {'total': 0, 'average': 0.0, 'best': 0, 'worst': 0}, 'deaths': {'total': 0, 'average': 0.0, 'worst': 0, 'best': 0}, 'first_kills': {'total': 0, 'percentage': 0.0}, 'damage': {'total': 0, 'average': 0.0, 'max': 0}}","{'wins': {'count': 0, 'percentage': 0, 'current_streak': 0, 'max_streak': 0}}","{'net_worth': {'average': 0, 'max': 0}, 'inventory_value': {'average': 0, 'max': 0}}","[{'type': 'round', 'count': 0, 'combat': {'kills': {'total': 0, 'average': 0.0}, 'deaths': {'total': 0, 'average': 0.0}}, 'objectives': [{'type': 'beginDefuseWithKit', 'completions': 0, 'avg_completions': 0.0, 'first_completions': {'count': 0, 'percentage': 0.0}}, {'type': 'beginDefuseWithoutKit', 'completions': 0, 'avg_completions': 0.0, 'first_completions': {'count': 0, 'percentage': 0.0}}, {'type': 'defuseBomb', 'completions': 0, 'avg_completions': 0.0, 'first_completions': {'count': 0, 'percentage': 0.0}}, {'type': 'explodeBomb', 'completions': 0, 'avg_completions': 0.0, 'first_completions': {'count': 0, 'percentage': 0.0}}, {'type': 'plantBomb', 'completions': 0, 'avg_completions': 0.0, 'first_completions': {'count': 0, 'percentage': 0.0}}], 'win_rate': 0.0}]"
18649,"{'series_played': 0, 'games_played': 0}","{'kills': {'total': 0, 'average': 0.0, 'best': 0, 'worst': 0}, 'deaths': {'total': 0, 'average': 0.0, 'worst': 0, 'best': 0}, 'first_kills': {'total': 0, 'percentage': 0.0}, 'damage': {'total': 0, 'average': 0.0, 'max': 0}}","{'wins': {'count': 0, 'percentage': 0, 'current_streak': 0, 'max_streak': 0}}","{'net_worth': {'average': 0, 'max': 0}, 'inventory_value': {'average': 0, 'max': 0}}","[{'type': 'round', 'count': 0, 'combat': {'kills': {'total': 0, 'average': 0.0}, 'deaths': {'total': 0, 'average': 0.0}}, 'objectives': [{'type': 'beginDefuseWithKit', 'completions': 0, 'avg_completions': 0.0, 'first_completions': {'count': 0, 'percentage': 0.0}}, {'type': 'beginDefuseWithoutKit', 'completions': 0, 'avg_completions': 0.0, 'first_completions': {'count': 0, 'percentage': 0.0}}, {'type': 'defuseBomb', 'completions': 0, 'avg_completions': 0.0, 'first_completions': {'count': 0, 'percentage': 0.0}}, {'type': 'explodeBomb', 'completions': 0, 'avg_completions': 0.0, 'first_completions': {'count': 0, 'percentage': 0.0}}, {'type': 'plantBomb', 'completions': 0, 'avg_completions': 0.0, 'first_completions': {'count': 0, 'percentage': 0.0}}], 'win_rate': 0.0}]"
18653,"{'series_played': 0, 'games_played': 0}","{'kills': {'total': 0, 'average': 0.0, 'best': 0, 'worst': 0}, 'deaths': {'total': 0, 'average': 0.0, 'worst': 0, 'best': 0}, 'first_kills': {'total': 0, 'percentage': 0.0}, 'damage': {'total': 0, 'average': 0.0, 'max': 0}}","{'wins': {'count': 0, 'percentage': 0, 'current_streak': 0, 'max_streak': 0}}","{'net_worth': {'average': 0, 'max': 0}, 'inventory_value': {'average': 0, 'max': 0}}","[{'type': 'round', 'count': 0, 'combat': {'kills': {'total': 0, 'average': 0.0}, 'deaths': {'total': 0, 'average': 0.0}}, 'objectives': [{'type': 'beginDefuseWithKit', 'completions': 0, 'avg_completions': 0.0, 'first_completions': {'count': 0, 'percentage': 0.0}}, {'type': 'beginDefuseWithoutKit', 'completions': 0, 'avg_completions': 0.0, 'first_completions': {'count': 0, 'percentage': 0.0}}, {'type': 'defuseBomb', 'completions': 0, 'avg_completions': 0.0, 'first_completions': {'count': 0, 'percentage': 0.0}}, {'type': 'explodeBomb', 'completions': 0, 'avg_completions': 0.0, 'first_completions': {'count': 0, 'percentage': 0.0}}, {'type': 'plantBomb', 'completions': 0, 'avg_completions': 0.0, 'first_completions': {'count': 0, 'percentage': 0.0}}], 'win_rate': 0.0}]"
18655,"{'series_played': 0, 'games_played': 0}","{'kills': {'total': 0, 'average': 0.0, 'best': 0, 'worst': 0}, 'deaths': {'total': 0, 'average': 0.0, 'worst': 0, 'best': 0}, 'first_kills': {'total': 0, 'percentage': 0.0}, 'damage': {'total': 0, 'average': 0.0, 'max': 0}}","{'wins': {'count': 0, 'percentage': 0, 'current_streak': 0, 'max_streak': 0}}","{'net_worth': {'average': 0, 'max': 0}, 'inventory_value': {'average': 0, 'max': 0}}","[{'type': 'round', 'count': 0, 'combat': {'kills': {'total': 0, 'average': 0.0}, 'deaths': {'total': 0, 'average': 0.0}}, 'objectives': [{'type': 'beginDefuseWithKit', 'completions': 0, 'avg_completions': 0.0, 'first_completions': {'count': 0, 'percentage': 0.0}}, {'type': 'beginDefuseWithoutKit', 'completions': 0, 'avg_completions': 0.0, 'first_completions': {'count': 0, 'percentage': 0.0}}, {'type': 'defuseBomb', 'completions': 0, 'avg_completions': 0.0, 'first_completions': {'count': 0, 'percentage': 0.0}}, {'type': 'explodeBomb', 'completions': 0, 'avg_completions': 0.0, 'first_completions': {'count': 0, 'percentage': 0.0}}, {'type': 'plantBomb', 'completions': 0, 'avg_completions': 0.0, 'first_completions': {'count': 0, 'percentage': 0.0}}], 'win_rate': 0.0}]"
18659,"{'series_played': 0, 'games_played': 0}","{'kills': {'total': 0, 'average': 0.0, 'best': 0, 'worst': 0}, 'deaths': {'total': 0, 'average': 0.0, 'worst': 0, 'best': 0}, 'first_kills': {'total': 0, 'percentage': 0.0}, 'damage': {'total': 0, 'average': 0.0, 'max': 0}}","{'wins': {'count': 0, 'percentage': 0, 'current_streak': 0, 'max_streak': 0}}","{'net_worth': {'average': 0, 'max': 0}, 'inventory_value': {'average': 0, 'max': 0}}","[{'type': 'round', 'count': 0, 'combat': {'kills': {'total': 0, 'average': 0.0}, 'deaths': {'total': 0, 'average': 0.0}}, 'objectives': [{'type': 'beginDefuseWithKit', 'completions': 0, 'avg_completions': 0.0, 'first_completions': {'count': 0, 'percentage': 0.0}}, {'type': 'beginDefuseWithoutKit', 'completions': 0, 'avg_completions': 0.0, 'first_completions': {'count': 0, 'percentage': 0.0}}, {'type': 'defuseBomb', 'completions': 0, 'avg_completions': 0.0, 'first_completions': {'count': 0, 'percentage': 0.0}}, {'type': 'explodeBomb', 'completions': 0, 'avg_completions': 0.0, 'first_completions': {'count': 0, 'percentage': 0.0}}, {'type': 'plantBomb', 'completions': 0, 'avg_completions': 0.0, 'first_completions': {'count': 0, 'percentage': 0.0}}], 'win_rate': 0.0}]"
18663,"{'series_played': 0, 'games_played': 0}","{'kills': {'total': 0, 'average': 0.0, 'best': 0, 'worst': 0}, 'deaths': {'total': 0, 'average': 0.0, 'worst': 0, 'best': 0}, 'first_kills': {'total': 0, 'percentage': 0.0}, 'damage': {'total': 0, 'average': 0.0, 'max': 0}}","{'wins': {'count': 0, 'percentage': 0, 'current_streak': 0, 'max_streak': 0}}","{'net_worth': {'average': 0, 'max': 0}, 'inventory_value': {'average': 0, 'max': 0}}","[{'type': 'round', 'count': 0, 'combat': {'kills': {'total': 0, 'average': 0.0}, 'deaths': {'total': 0, 'average': 0.0}}, 'objectives': [{'type': 'beginDefuseWithKit', 'completions': 0, 'avg_completions': 0.0, 'first_completions': {'count': 0, 'percentage': 0.0}}, {'type': 'beginDefuseWithoutKit', 'completions': 0, 'avg_completions': 0.0, 'first_completions': {'count': 0, 'percentage': 0.0}}, {'type': 'defuseBomb', 'completions': 0, 'avg_completions': 0.0, 'first_completions': {'count': 0, 'percentage': 0.0}}, {'type': 'explodeBomb', 'completions': 0, 'avg_completions': 0.0, 'first_completions': {'count': 0, 'percentage': 0.0}}, {'type': 'plantBomb', 'completions': 0, 'avg_completions': 0.0, 'first_completions': {'count': 0, 'percentage': 0.0}}], 'win_rate': 0.0}]"
18670,"{'series_played': 0, 'games_played': 0}","{'kills': {'total': 0, 'average': 0.0, 'best': 0, 'worst': 0}, 'deaths': {'total': 0, 'average': 0.0, 'worst': 0, 'best': 0}, 'first_kills': {'total': 0, 'percentage': 0.0}, 'damage': {'total': 0, 'average': 0.0, 'max': 0}}","{'wins': {'count': 0, 'percentage': 0, 'current_streak': 0, 'max_streak': 0}}","{'net_worth': {'average': 0, 'max': 0}, 'inventory_value': {'average': 0, 'max': 0}}","[{'type': 'round', 'count': 0, 'combat': {'kills': {'total': 0, 'average': 0.0}, 'deaths': {'total': 0, 'average': 0.0}}, 'objectives': [{'type': 'beginDefuseWithKit', 'completions': 0, 'avg_completions': 0.0, 'first_completions': {'count': 0, 'percentage': 0.0}}, {'type': 'beginDefuseWithoutKit', 'completions': 0, 'avg_completions': 0.0, 'first_completions': {'count': 0, 'percentage': 0.0}}, {'type': 'defuseBomb', 'completions': 0, 'avg_completions': 0.0, 'first_completions': {'count': 0, 'percentage': 0.0}}, {'type': 'explodeBomb', 'completions': 0, 'avg_completions': 0.0, 'first_completions': {'count': 0, 'percentage': 0.0}}, {'type': 'plantBomb', 'completions': 0, 'avg_completions': 0.0, 'first_completions': {'count': 0, 'percentage': 0.0}}], 'win_rate': 0.0}]"
18672,"{'series_played': 0, 'games_played': 0}","{'kills': {'total': 0, 'average': 0.0, 'best': 0, 'worst': 0}, 'deaths': {'total': 0, 'average': 0.0, 'worst': 0, 'best': 0}, 'first_kills': {'total': 0, 'percentage': 0.0}, 'damage': {'total': 0, 'average': 0.0, 'max': 0}}","{'wins': {'count': 0, 'percentage': 0, 'current_streak': 0, 'max_streak': 0}}","{'net_worth': {'average': 0, 'max': 0}, 'inventory_value': {'average': 0, 'max': 0}}","[{'type': 'round', 'count': 0, 'combat': {'kills': {'total': 0, 'average': 0.0}, 'deaths': {'total': 0, 'average': 0.0}}, 'objectives': [{'type': 'beginDefuseWithKit', 'completions': 0, 'avg_completions': 0.0, 'first_completions': {'count': 0, 'percentage': 0.0}}, {'type': 'beginDefuseWithoutKit', 'completions': 0, 'avg_completions': 0.0, 'first_completions': {'count': 0, 'percentage': 0.0}}, {'type': 'defuseBomb', 'completions': 0, 'avg_completions': 0.0, 'first_completions': {'count': 0, 'percentage': 0.0}}, {'type': 'explodeBomb', 'completions': 0, 'avg_completions': 0.0, 'first_completions': {'count': 0, 'percentage': 0.0}}, {'type': 'plantBomb', 'completions': 0, 'avg_completions': 0.0, 'first_completions': {'count': 0, 'percentage': 0.0}}], 'win_rate': 0.0}]"
18675,"{'series_played': 0, 'games_played': 0}","{'kills': {'total': 0, 'average': 0.0, 'best': 0, 'worst': 0}, 'deaths': {'total': 0, 'average': 0.0, 'worst': 0, 'best': 0}, 'first_kills': {'total': 0, 'percentage': 0.0}, 'damage': {'total': 0, 'average': 0.0, 'max': 0}}","{'wins': {'count': 0, 'percentage': 0, 'current_streak': 0, 'max_streak': 0}}","{'net_worth': {'average': 0, 'max': 0}, 'inventory_value': {'average': 0, 'max': 0}}","[{'type': 'round', 'count': 0, 'combat': {'kills': {'total': 0, 'average': 0.0}, 'deaths': {'total': 0, 'average': 0.0}}, 'objectives': [{'type': 'beginDefuseWithKit', 'completions': 0, 'avg_completions': 0.0, 'first_completions': {'count': 0, 'percentage': 0.0}}, {'type': 'beginDefuseWithoutKit', 'completions': 0, 'avg_completions': 0.0, 'first_completions': {'count': 0, 'percentage': 0.0}}, {'type': 'defuseBomb', 'completions': 0, 'avg_completions': 0.0, 'first_completions': {'count': 0, 'percentage': 0.0}}, {'type': 'explodeBomb', 'completions': 0, 'avg_completions': 0.0, 'first_completions': {'count': 0, 'percentage': 0.0}}, {'type': 'plantBomb', 'completions': 0, 'avg_completions': 0.0, 'first_completions': {'count': 0, 'percentage': 0.0}}], 'win_rate': 0.0}]"
18678,"{'series_played': 0, 'games_played': 0}","{'kills': {'total': 0, 'average': 0.0, 'best': 0, 'worst': 0}, 'deaths': {'total': 0, 'average': 0.0, 'worst': 0, 'best': 0}, 'first_kills': {'total': 0, 'percentage': 0.0}, 'damage': {'total': 0, 'average': 0.0, 'max': 0}}","{'wins': {'count': 0, 'percentage': 0, 'current_streak': 0, 'max_streak': 0}}","{'net_worth': {'average': 0, 'max': 0}, 'inventory_value': {'average': 0, 'max': 0}}","[{'type': 'round', 'count': 0, 'combat': {'kills': {'total': 0, 'average': 0.0}, 'deaths': {'total': 0, 'average': 0.0}}, 'objectives': [{'type': 'beginDefuseWithKit', 'completions': 0, 'avg_completions': 0.0, 'first_completions': {'count': 0, 'percentage': 0.0}}, {'type': 'beginDefuseWithoutKit', 'completions': 0, 'avg_completions': 0.0, 'first_completions': {'count': 0, 'percentage': 0.0}}, {'type': 'defuseBomb', 'completions': 0, 'avg_completions': 0.0, 'first_completions': {'count': 0, 'percentage': 0.0}}, {'type': 'explodeBomb', 'completions': 0, 'avg_completions': 0.0, 'first_completions': {'count': 0, 'percentage': 0.0}}, {'type': 'plantBomb', 'completions': 0, 'avg_completions': 0.0, 'first_completions': {'count': 0, 'percentage': 0.0}}], 'win_rate': 0.0}]"
18680,"{'series_played': 0, 'games_played': 0}","{'kills': {'total': 0, 'average': 0.0, 'best': 0, 'worst': 0}, 'deaths': {'total': 0, 'average': 0.0, 'worst': 0, 'best': 0}, 'first_kills': {'total': 0, 'percentage': 0.0}, 'damage': {'total': 0, 'average': 0.0, 'max': 0}}","{'wins': {'count': 0, 'percentage': 0, 'current_streak': 0, 'max_streak': 0}}","{'net_worth': {'average': 0, 'max': 0}, 'inventory_value': {'average': 0, 'max': 0}}","[{'type': 'round', 'count': 0, 'combat': {'kills': {'total': 0, 'average': 0.0}, 'deaths': {'total': 0, 'average': 0.0}}, 'objectives': [{'type': 'beginDefuseWithKit', 'completions': 0, 'avg_completions': 0.0, 'first_completions': {'count': 0, 'percentage': 0.0}}, {'type': 'beginDefuseWithoutKit', 'completions': 0, 'avg_completions': 0.0, 'first_completions': {'count': 0, 'percentage': 0.0}}, {'type': 'defuseBomb', 'completions': 0, 'avg_completions': 0.0, 'first_completions': {'count': 0, 'percentage': 0.0}}, {'type': 'explodeBomb', 'completions': 0, 'avg_completions': 0.0, 'first_completions': {'count': 0, 'percentage': 0.0}}, {'type': 'plantBomb', 'completions': 0, 'avg_completions': 0.0, 'first_completions': {'count': 0, 'percentage': 0.0}}], 'win_rate': 0.0}]"
18802,"{'series_played': 0, 'games_played': 0}","{'kills': {'total': 0, 'average': 0.0, 'best': 0, 'worst': 0}, 'deaths': {'total': 0, 'average': 0.0, 'worst': 0, 'best': 0}, 'first_kills': {'total': 0, 'percentage': 0.0}, 'damage': {'total': 0, 'average': 0.0, 'max': 0}}","{'wins': {'count': 0, 'percentage': 0, 'current_streak': 0, 'max_streak': 0}}","{'net_worth': {'average': 0, 'max': 0}, 'inventory_value': {'average': 0, 'max': 0}}","[{'type': 'round', 'count': 0, 'combat': {'kills': {'total': 0, 'average': 0.0}, 'deaths': {'total': 0, 'average': 0.0}}, 'objectives': [{'type': 'beginDefuseWithKit', 'completions': 0, 'avg_completions': 0.0, 'first_completions': {'count': 0, 'percentage': 0.0}}, {'type': 'beginDefuseWithoutKit', 'completions': 0, 'avg_completions': 0.0, 'first_completions': {'count': 0, 'percentage': 0.0}}, {'type': 'defuseBomb', 'completions': 0, 'avg_completions': 0.0, 'first_completions': {'count': 0, 'percentage': 0.0}}, {'type': 'explodeBomb', 'completions': 0, 'avg_completions': 0.0, 'first_completions': {'count': 0, 'percentage': 0.0}}, {'type': 'plantBomb', 'completions': 0, 'avg_completions': 0.0, 'first_completions': {'count': 0, 'percentage': 0.0}}], 'win_rate': 0.0}]"
18806,"{'series_played': 0, 'games_played': 0}","{'kills': {'total': 0, 'average': 0.0, 'best': 0, 'worst': 0}, 'deaths': {'total': 0, 'average': 0.0, 'worst': 0, 'best': 0}, 'first_kills': {'total': 0, 'percentage': 0.0}, 'damage': {'total': 0, 'average': 0.0, 'max': 0}}","{'wins': {'count': 0, 'percentage': 0, 'current_streak': 0, 'max_streak': 0}}","{'net_worth': {'average': 0, 'max': 0}, 'inventory_value': {'average': 0, 'max': 0}}","[{'type': 'round', 'count': 0, 'combat': {'kills': {'total': 0, 'average': 0.0}, 'deaths': {'total': 0, 'average': 0.0}}, 'objectives': [{'type': 'beginDefuseWithKit', 'completions': 0, 'avg_completions': 0.0, 'first_completions': {'count': 0, 'percentage': 0.0}}, {'type': 'beginDefuseWithoutKit', 'completions': 0, 'avg_completions': 0.0, 'first_completions': {'count': 0, 'percentage': 0.0}}, {'type': 'defuseBomb', 'completions': 0, 'avg_completions': 0.0, 'first_completions': {'count': 0, 'percentage': 0.0}}, {'type': 'explodeBomb', 'completions': 0, 'avg_completions': 0.0, 'first_completions': {'count': 0, 'percentage': 0.0}}, {'type': 'plantBomb', 'completions': 0, 'avg_completions': 0.0, 'first_completions': {'count': 0, 'percentage': 0.0}}], 'win_rate': 0.0}]"
18826,"{'series_played': 0, 'games_played': 0}","{'kills': {'total': 0, 'average': 0.0, 'best': 0, 'worst': 0}, 'deaths': {'total': 0, 'average': 0.0, 'worst': 0, 'best': 0}, 'first_kills': {'total': 0, 'percentage': 0.0}, 'damage': {'total': 0, 'average': 0.0, 'max': 0}}","{'wins': {'count': 0, 'percentage': 0, 'current_streak': 0, 'max_streak': 0}}","{'net_worth': {'average': 0, 'max': 0}, 'inventory_value': {'average': 0, 'max': 0}}","[{'type': 'round', 'count': 0, 'combat': {'kills': {'total': 0, 'average': 0.0}, 'deaths': {'total': 0, 'average': 0.0}}, 'objectives': [{'type': 'beginDefuseWithKit', 'completions': 0, 'avg_completions': 0.0, 'first_completions': {'count': 0, 'percentage': 0.0}}, {'type': 'beginDefuseWithoutKit', 'completions': 0, 'avg_completions': 0.0, 'first_completions': {'count': 0, 'percentage': 0.0}}, {'type': 'defuseBomb', 'completions': 0, 'avg_completions': 0.0, 'first_completions': {'count': 0, 'percentage': 0.0}}, {'type': 'explodeBomb', 'completions': 0, 'avg_completions': 0.0, 'first_completions': {'count': 0, 'percentage': 0.0}}, {'type': 'plantBomb', 'completions': 0, 'avg_completions': 0.0, 'first_completions': {'count': 0, 'percentage': 0.0}}], 'win_rate': 0.0}]"
18827,"{'series_played': 0, 'games_played': 0}","{'kills': {'total': 0, 'average': 0.0, 'best': 0, 'worst': 0}, 'deaths': {'total': 0, 'average': 0.0, 'worst': 0, 'best': 0}, 'first_kills': {'total': 0, 'percentage': 0.0}, 'damage': {'total': 0, 'average': 0.0, 'max': 0}}","{'wins': {'count': 0, 'percentage': 0, 'current_streak': 0, 'max_streak': 0}}","{'net_worth': {'average': 0, 'max': 0}, 'inventory_value': {'average': 0, 'max': 0}}","[{'type': 'round', 'count': 0, 'combat': {'kills': {'total': 0, 'average': 0.0}, 'deaths': {'total': 0, 'average': 0.0}}, 'objectives': [{'type': 'beginDefuseWithKit', 'completions': 0, 'avg_completions': 0.0, 'first_completions': {'count': 0, 'percentage': 0.0}}, {'type': 'beginDefuseWithoutKit', 'completions': 0, 'avg_completions': 0.0, 'first_completions': {'count': 0, 'percentage': 0.0}}, {'type': 'defuseBomb', 'completions': 0, 'avg_completions': 0.0, 'first_completions': {'count': 0, 'percentage': 0.0}}, {'type': 'explodeBomb', 'completions': 0, 'avg_completions': 0.0, 'first_completions': {'count': 0, 'percentage': 0.0}}, {'type': 'plantBomb', 'completions': 0, 'avg_completions': 0.0, 'first_completions': {'count': 0, 'percentage': 0.0}}], 'win_rate': 0.0}]"
18830,"{'series_played': 0, 'games_played': 0}","{'kills': {'total': 0, 'average': 0.0, 'best': 0, 'worst': 0}, 'deaths': {'total': 0, 'average': 0.0, 'worst': 0, 'best': 0}, 'first_kills': {'total': 0, 'percentage': 0.0}, 'damage': {'total': 0, 'average': 0.0, 'max': 0}}","{'wins': {'count': 0, 'percentage': 0, 'current_streak': 0, 'max_streak': 0}}","{'net_worth': {'average': 0, 'max': 0}, 'inventory_value': {'average': 0, 'max': 0}}","[{'type': 'round', 'count': 0, 'combat': {'kills': {'total': 0, 'average': 0.0}, 'deaths': {'total': 0, 'average': 0.0}}, 'objectives': [{'type': 'beginDefuseWithKit', 'completions': 0, 'avg_completions': 0.0, 'first_completions': {'count': 0, 'percentage': 0.0}}, {'type': 'beginDefuseWithoutKit', 'completions': 0, 'avg_completions': 0.0, 'first_completions': {'count': 0, 'percentage': 0.0}}, {'type': 'defuseBomb', 'completions': 0, 'avg_completions': 0.0, 'first_completions': {'count': 0, 'percentage': 0.0}}, {'type': 'explodeBomb', 'completions': 0, 'avg_completions': 0.0, 'first_completions': {'count': 0, 'percentage': 0.0}}, {'type': 'plantBomb', 'completions': 0, 'avg_completions': 0.0, 'first_completions': {'count': 0, 'percentage': 0.0}}], 'win_rate': 0.0}]"
18832,"{'series_played': 0, 'games_played': 0}","{'kills': {'total': 0, 'average': 0.0, 'best': 0, 'worst': 0}, 'deaths': {'total': 0, 'average': 0.0, 'worst': 0, 'best': 0}, 'first_kills': {'total': 0, 'percentage': 0.0}, 'damage': {'total': 0, 'average': 0.0, 'max': 0}}","{'wins': {'count': 0, 'percentage': 0, 'current_streak': 0, 'max_streak': 0}}","{'net_worth': {'average': 0, 'max': 0}, 'inventory_value': {'average': 0, 'max': 0}}","[{'type': 'round', 'count': 0, 'combat': {'kills': {'total': 0, 'average': 0.0}, 'deaths': {'total': 0, 'average': 0.0}}, 'objectives': [{'type': 'beginDefuseWithKit', 'completions': 0, 'avg_completions': 0.0, 'first_completions': {'count': 0, 'percentage': 0.0}}, {'type': 'beginDefuseWithoutKit', 'completions': 0, 'avg_completions': 0.0, 'first_completions': {'count': 0, 'percentage': 0.0}}, {'type': 'defuseBomb', 'completions': 0, 'avg_completions': 0.0, 'first_completions': {'count': 0, 'percentage': 0.0}}, {'type': 'explodeBomb', 'completions': 0, 'avg_completions': 0.0, 'first_completions': {'count': 0, 'percentage': 0.0}}, {'type': 'plantBomb', 'completions': 0, 'avg_completions': 0.0, 'first_completions': {'count': 0, 'percentage': 0.0}}], 'win_rate': 0.0}]"
18834,"{'series_played': 0, 'games_played': 0}","{'kills': {'total': 0, 'average': 0.0, 'best': 0, 'worst': 0}, 'deaths': {'total': 0, 'average': 0.0, 'worst': 0, 'best': 0}, 'first_kills': {'total': 0, 'percentage': 0.0}, 'damage': {'total': 0, 'average': 0.0, 'max': 0}}","{'wins': {'count': 0, 'percentage': 0, 'current_streak': 0, 'max_streak': 0}}","{'net_worth': {'average': 0, 'max': 0}, 'inventory_value': {'average': 0, 'max': 0}}","[{'type': 'round', 'count': 0, 'combat': {'kills': {'total': 0, 'average': 0.0}, 'deaths': {'total': 0, 'average': 0.0}}, 'objectives': [{'type': 'beginDefuseWithKit', 'completions': 0, 'avg_completions': 0.0, 'first_completions': {'count': 0, 'percentage': 0.0}}, {'type': 'beginDefuseWithoutKit', 'completions': 0, 'avg_completions': 0.0, 'first_completions': {'count': 0, 'percentage': 0.0}}, {'type': 'defuseBomb', 'completions': 0, 'avg_completions': 0.0, 'first_completions': {'count': 0, 'percentage': 0.0}}, {'type': 'explodeBomb', 'completions': 0, 'avg_completions': 0.0, 'first_completions': {'count': 0, 'percentage': 0.0}}, {'type': 'plantBomb', 'completions': 0, 'avg_completions': 0.0, 'first_completions': {'count': 0, 'percentage': 0.0}}], 'win_rate': 0.0}]"
18838,"{'series_played': 0, 'games_played': 0}","{'kills': {'total': 0, 'average': 0.0, 'best': 0, 'worst': 0}, 'deaths': {'total': 0, 'average': 0.0, 'worst': 0, 'best': 0}, 'first_kills': {'total': 0, 'percentage': 0.0}, 'damage': {'total': 0, 'average': 0.0, 'max': 0}}","{'wins': {'count': 0, 'percentage': 0, 'current_streak': 0, 'max_streak': 0}}","{'net_worth': {'average': 0, 'max': 0}, 'inventory_value': {'average': 0, 'max': 0}}","[{'type': 'round', 'count': 0, 'combat': {'kills': {'total': 0, 'average': 0.0}, 'deaths': {'total': 0, 'average': 0.0}}, 'objectives': [{'type': 'beginDefuseWithKit', 'completions': 0, 'avg_completions': 0.0, 'first_completions': {'count': 0, 'percentage': 0.0}}, {'type': 'beginDefuseWithoutKit', 'completions': 0, 'avg_completions': 0.0, 'first_completions': {'count': 0, 'percentage': 0.0}}, {'type': 'defuseBomb', 'completions': 0, 'avg_completions': 0.0, 'first_completions': {'count': 0, 'percentage': 0.0}}, {'type': 'explodeBomb', 'completions': 0, 'avg_completions': 0.0, 'first_completions': {'count': 0, 'percentage': 0.0}}, {'type': 'plantBomb', 'completions': 0, 'avg_completions': 0.0, 'first_completions': {'count': 0, 'percentage': 0.0}}], 'win_rate': 0.0}]"
18841,"{'series_played': 0, 'games_played': 0}","{'kills': {'total': 0, 'average': 0.0, 'best': 0, 'worst': 0}, 'deaths': {'total': 0, 'average': 0.0, 'worst': 0, 'best': 0}, 'first_kills': {'total': 0, 'percentage': 0.0}, 'damage': {'total': 0, 'average': 0.0, 'max': 0}}","{'wins': {'count': 0, 'percentage': 0, 'current_streak': 0, 'max_streak': 0}}","{'net_worth': {'average': 0, 'max': 0}, 'inventory_value': {'average': 0, 'max': 0}}","[{'type': 'round', 'count': 0, 'combat': {'kills': {'total': 0, 'average': 0.0}, 'deaths': {'total': 0, 'average': 0.0}}, 'objectives': [{'type': 'beginDefuseWithKit', 'completions': 0, 'avg_completions': 0.0, 'first_completions': {'count': 0, 'percentage': 0.0}}, {'type': 'beginDefuseWithoutKit', 'completions': 0, 'avg_completions': 0.0, 'first_completions': {'count': 0, 'percentage': 0.0}}, {'type': 'defuseBomb', 'completions': 0, 'avg_completions': 0.0, 'first_completions': {'count': 0, 'percentage': 0.0}}, {'type': 'explodeBomb', 'completions': 0, 'avg_completions': 0.0, 'first_completions': {'count': 0, 'percentage': 0.0}}, {'type': 'plantBomb', 'completions': 0, 'avg_completions': 0.0, 'first_completions': {'count': 0, 'percentage': 0.0}}], 'win_rate': 0.0}]"
18845,"{'series_played': 0, 'games_played': 0}","{'kills': {'total': 0, 'average': 0.0, 'best': 0, 'worst': 0}, 'deaths': {'total': 0, 'average': 0.0, 'worst': 0, 'best': 0}, 'first_kills': {'total': 0, 'percentage': 0.0}, 'damage': {'total': 0, 'average': 0.0, 'max': 0}}","{'wins': {'count': 0, 'percentage': 0, 'current_streak': 0, 'max_streak': 0}}","{'net_worth': {'average': 0, 'max': 0}, 'inventory_value': {'average': 0, 'max': 0}}","[{'type': 'round', 'count': 0, 'combat': {'kills': {'total': 0, 'average': 0.0}, 'deaths': {'total': 0, 'average': 0.0}}, 'objectives': [{'type': 'beginDefuseWithKit', 'completions': 0, 'avg_completions': 0.0, 'first_completions': {'count': 0, 'percentage': 0.0}}, {'type': 'beginDefuseWithoutKit', 'completions': 0, 'avg_completions': 0.0, 'first_completions': {'count': 0, 'percentage': 0.0}}, {'type': 'defuseBomb', 'completions': 0, 'avg_completions': 0.0, 'first_completions': {'count': 0, 'percentage': 0.0}}, {'type': 'explodeBomb', 'completions': 0, 'avg_completions': 0.0, 'first_completions': {'count': 0, 'percentage': 0.0}}, {'type': 'plantBomb', 'completions': 0, 'avg_completions': 0.0, 'first_completions': {'count': 0, 'percentage': 0.0}}], 'win_rate': 0.0}]"
18846,"{'series_played': 0, 'games_played': 0}","{'kills': {'total': 0, 'average': 0.0, 'best': 0, 'worst': 0}, 'deaths': {'total': 0, 'average': 0.0, 'worst': 0, 'best': 0}, 'first_kills': {'total': 0, 'percentage': 0.0}, 'damage': {'total': 0, 'average': 0.0, 'max': 0}}","{'wins': {'count': 0, 'percentage': 0, 'current_streak': 0, 'max_streak': 0}}","{'net_worth': {'average': 0, 'max': 0}, 'inventory_value': {'average': 0, 'max': 0}}","[{'type': 'round', 'count': 0, 'combat': {'kills': {'total': 0, 'average': 0.0}, 'deaths': {'total': 0, 'average': 0.0}}, 'objectives': [{'type': 'beginDefuseWithKit', 'completions': 0, 'avg_completions': 0.0, 'first_completions': {'count': 0, 'percentage': 0.0}}, {'type': 'beginDefuseWithoutKit', 'completions': 0, 'avg_completions': 0.0, 'first_completions': {'count': 0, 'percentage': 0.0}}, {'type': 'defuseBomb', 'completions': 0, 'avg_completions': 0.0, 'first_completions': {'count': 0, 'percentage': 0.0}}, {'type': 'explodeBomb', 'completions': 0, 'avg_completions': 0.0, 'first_completions': {'count': 0, 'percentage': 0.0}}, {'type': 'plantBomb', 'completions': 0, 'avg_completions': 0.0, 'first_completions': {'count': 0, 'percentage': 0.0}}], 'win_rate': 0.0}]"
18848,"{'series_played': 0, 'games_played': 0}","{'kills': {'total': 0, 'average': 0.0, 'best': 0, 'worst': 0}, 'deaths': {'total': 0, 'average': 0.0, 'worst': 0, 'best': 0}, 'first_kills': {'total': 0, 'percentage': 0.0}, 'damage': {'total': 0, 'average': 0.0, 'max': 0}}","{'wins': {'count': 0, 'percentage': 0, 'current_streak': 0, 'max_streak': 0}}","{'net_worth': {'average': 0, 'max': 0}, 'inventory_value': {'average': 0, 'max': 0}}","[{'type': 'round', 'count': 0, 'combat': {'kills': {'total': 0, 'average': 0.0}, 'deaths': {'total': 0, 'average': 0.0}}, 'objectives': [{'type': 'beginDefuseWithKit', 'completions': 0, 'avg_completions': 0.0, 'first_completions': {'count': 0, 'percentage': 0.0}}, {'type': 'beginDefuseWithoutKit', 'completions': 0, 'avg_completions': 0.0, 'first_completions': {'count': 0, 'percentage': 0.0}}, {'type': 'defuseBomb', 'completions': 0, 'avg_completions': 0.0, 'first_completions': {'count': 0, 'percentage': 0.0}}, {'type': 'explodeBomb', 'completions': 0, 'avg_completions': 0.0, 'first_completions': {'count': 0, 'percentage': 0.0}}, {'type': 'plantBomb', 'completions': 0, 'avg_completions': 0.0, 'first_completions': {'count': 0, 'percentage': 0.0}}], 'win_rate': 0.0}]"
18850,"{'series_played': 0, 'games_played': 0}","{'kills': {'total': 0, 'average': 0.0, 'best': 0, 'worst': 0}, 'deaths': {'total': 0, 'average': 0.0, 'worst': 0, 'best': 0}, 'first_kills': {'total': 0, 'percentage': 0.0}, 'damage': {'total': 0, 'average': 0.0, 'max': 0}}","{'wins': {'count': 0, 'percentage': 0, 'current_streak': 0, 'max_streak': 0}}","{'net_worth': {'average': 0, 'max': 0}, 'inventory_value': {'average': 0, 'max': 0}}","[{'type': 'round', 'count': 0, 'combat': {'kills': {'total': 0, 'average': 0.0}, 'deaths': {'total': 0, 'average': 0.0}}, 'objectives': [{'type': 'beginDefuseWithKit', 'completions': 0, 'avg_completions': 0.0, 'first_completions': {'count': 0, 'percentage': 0.0}}, {'type': 'beginDefuseWithoutKit', 'completions': 0, 'avg_completions': 0.0, 'first_completions': {'count': 0, 'percentage': 0.0}}, {'type': 'defuseBomb', 'completions': 0, 'avg_completions': 0.0, 'first_completions': {'count': 0, 'percentage': 0.0}}, {'type': 'explodeBomb', 'completions': 0, 'avg_completions': 0.0, 'first_completions': {'count': 0, 'percentage': 0.0}}, {'type': 'plantBomb', 'completions': 0, 'avg_completions': 0.0, 'first_completions': {'count': 0, 'percentage': 0.0}}], 'win_rate': 0.0}]"
18859,"{'series_played': 0, 'games_played': 0}","{'kills': {'total': 0, 'average': 0.0, 'best': 0, 'worst': 0}, 'deaths': {'total': 0, 'average': 0.0, 'worst': 0, 'best': 0}, 'first_kills': {'total': 0, 'percentage': 0.0}, 'damage': {'total': 0, 'average': 0.0, 'max': 0}}","{'wins': {'count': 0, 'percentage': 0, 'current_streak': 0, 'max_streak': 0}}","{'net_worth': {'average': 0, 'max': 0}, 'inventory_value': {'average': 0, 'max': 0}}","[{'type': 'round', 'count': 0, 'combat': {'kills': {'total': 0, 'average': 0.0}, 'deaths': {'total': 0, 'average': 0.0}}, 'objectives': [{'type': 'beginDefuseWithKit', 'completions': 0, 'avg_completions': 0.0, 'first_completions': {'count': 0, 'percentage': 0.0}}, {'type': 'beginDefuseWithoutKit', 'completions': 0, 'avg_completions': 0.0, 'first_completions': {'count': 0, 'percentage': 0.0}}, {'type': 'defuseBomb', 'completions': 0, 'avg_completions': 0.0, 'first_completions': {'count': 0, 'percentage': 0.0}}, {'type': 'explodeBomb', 'completions': 0, 'avg_completions': 0.0, 'first_completions': {'count': 0, 'percentage': 0.0}}, {'type': 'plantBomb', 'completions': 0, 'avg_completions': 0.0, 'first_completions': {'count': 0, 'percentage': 0.0}}], 'win_rate': 0.0}]"
18885,"{'series_played': 0, 'games_played': 0}","{'kills': {'total': 0, 'average': 0.0, 'best': 0, 'worst': 0}, 'deaths': {'total': 0, 'average': 0.0, 'worst': 0, 'best': 0}, 'first_kills': {'total': 0, 'percentage': 0.0}, 'damage': {'total': 0, 'average': 0.0, 'max': 0}}","{'wins': {'count': 0, 'percentage': 0, 'current_streak': 0, 'max_streak': 0}}","{'net_worth': {'average': 0, 'max': 0}, 'inventory_value': {'average': 0, 'max': 0}}","[{'type': 'round', 'count': 0, 'combat': {'kills': {'total': 0, 'average': 0.0}, 'deaths': {'total': 0, 'average': 0.0}}, 'objectives': [{'type': 'beginDefuseWithKit', 'completions': 0, 'avg_completions': 0.0, 'first_completions': {'count': 0, 'percentage': 0.0}}, {'type': 'beginDefuseWithoutKit', 'completions': 0, 'avg_completions': 0.0, 'first_completions': {'count': 0, 'percentage': 0.0}}, {'type': 'defuseBomb', 'completions': 0, 'avg_completions': 0.0, 'first_completions': {'count': 0, 'percentage': 0.0}}, {'type': 'explodeBomb', 'completions': 0, 'avg_completions': 0.0, 'first_completions': {'count': 0, 'percentage': 0.0}}, {'type': 'plantBomb', 'completions': 0, 'avg_completions': 0.0, 'first_completions': {'count': 0, 'percentage': 0.0}}], 'win_rate': 0.0}]"
18889,"{'series_played': 0, 'games_played': 0}","{'kills': {'total': 0, 'average': 0.0, 'best': 0, 'worst': 0}, 'deaths': {'total': 0, 'average': 0.0, 'worst': 0, 'best': 0}, 'first_kills': {'total': 0, 'percentage': 0.0}, 'damage': {'total': 0, 'average': 0.0, 'max': 0}}","{'wins': {'count': 0, 'percentage': 0, 'current_streak': 0, 'max_streak': 0}}","{'net_worth': {'average': 0, 'max': 0}, 'inventory_value': {'average': 0, 'max': 0}}","[{'type': 'round', 'count': 0, 'combat': {'kills': {'total': 0, 'average': 0.0}, 'deaths': {'total': 0, 'average': 0.0}}, 'objectives': [{'type': 'beginDefuseWithKit', 'completions': 0, 'avg_completions': 0.0, 'first_completions': {'count': 0, 'percentage': 0.0}}, {'type': 'beginDefuseWithoutKit', 'completions': 0, 'avg_completions': 0.0, 'first_completions': {'count': 0, 'percentage': 0.0}}, {'type': 'defuseBomb', 'completions': 0, 'avg_completions': 0.0, 'first_completions': {'count': 0, 'percentage': 0.0}}, {'type': 'explodeBomb', 'completions': 0, 'avg_completions': 0.0, 'first_completions': {'count': 0, 'percentage': 0.0}}, {'type': 'plantBomb', 'completions': 0, 'avg_completions': 0.0, 'first_completions': {'count': 0, 'percentage': 0.0}}], 'win_rate': 0.0}]"
18895,"{'series_played': 0, 'games_played': 0}","{'kills': {'total': 0, 'average': 0.0, 'best': 0, 'worst': 0}, 'deaths': {'total': 0, 'average': 0.0, 'worst': 0, 'best': 0}, 'first_kills': {'total': 0, 'percentage': 0.0}, 'damage': {'total': 0, 'average': 0.0, 'max': 0}}","{'wins': {'count': 0, 'percentage': 0, 'current_streak': 0, 'max_streak': 0}}","{'net_worth': {'average': 0, 'max': 0}, 'inventory_value': {'average': 0, 'max': 0}}","[{'type': 'round', 'count': 0, 'combat': {'kills': {'total': 0, 'average': 0.0}, 'deaths': {'total': 0, 'average': 0.0}}, 'objectives': [{'type': 'beginDefuseWithKit', 'completions': 0, 'avg_completions': 0.0, 'first_completions': {'count': 0, 'percentage': 0.0}}, {'type': 'beginDefuseWithoutKit', 'completions': 0, 'avg_completions': 0.0, 'first_completions': {'count': 0, 'percentage': 0.0}}, {'type': 'defuseBomb', 'completions': 0, 'avg_completions': 0.0, 'first_completions': {'count': 0, 'percentage': 0.0}}, {'type': 'explodeBomb', 'completions': 0, 'avg_completions': 0.0, 'first_completions': {'count': 0, 'percentage': 0.0}}, {'type': 'plantBomb', 'completions': 0, 'avg_completions': 0.0, 'first_completions': {'count': 0, 'percentage': 0.0}}], 'win_rate': 0.0}]"
18899,"{'series_played': 0, 'games_played': 0}","{'kills': {'total': 0, 'average': 0.0, 'best': 0, 'worst': 0}, 'deaths': {'total': 0, 'average': 0.0, 'worst': 0, 'best': 0}, 'first_kills': {'total': 0, 'percentage': 0.0}, 'damage': {'total': 0, 'average': 0.0, 'max': 0}}","{'wins': {'count': 0, 'percentage': 0, 'current_streak': 0, 'max_streak': 0}}","{'net_worth': {'average': 0, 'max': 0}, 'inventory_value': {'average': 0, 'max': 0}}","[{'type': 'round', 'count': 0, 'combat': {'kills': {'total': 0, 'average': 0.0}, 'deaths': {'total': 0, 'average': 0.0}}, 'objectives': [{'type': 'beginDefuseWithKit', 'completions': 0, 'avg_completions': 0.0, 'first_completions': {'count': 0, 'percentage': 0.0}}, {'type': 'beginDefuseWithoutKit', 'completions': 0, 'avg_completions': 0.0, 'first_completions': {'count': 0, 'percentage': 0.0}}, {'type': 'defuseBomb', 'completions': 0, 'avg_completions': 0.0, 'first_completions': {'count': 0, 'percentage': 0.0}}, {'type': 'explodeBomb', 'completions': 0, 'avg_completions': 0.0, 'first_completions': {'count': 0, 'percentage': 0.0}}, {'type': 'plantBomb', 'completions': 0, 'avg_completions': 0.0, 'first_completions': {'count': 0, 'percentage': 0.0}}], 'win_rate': 0.0}]"
18903,"{'series_played': 0, 'games_played': 0}","{'kills': {'total': 0, 'average': 0.0, 'best': 0, 'worst': 0}, 'deaths': {'total': 0, 'average': 0.0, 'worst': 0, 'best': 0}, 'first_kills': {'total': 0, 'percentage': 0.0}, 'damage': {'total': 0, 'average': 0.0, 'max': 0}}","{'wins': {'count': 0, 'percentage': 0, 'current_streak': 0, 'max_streak': 0}}","{'net_worth': {'average': 0, 'max': 0}, 'inventory_value': {'average': 0, 'max': 0}}","[{'type': 'round', 'count': 0, 'combat': {'kills': {'total': 0, 'average': 0.0}, 'deaths': {'total': 0, 'average': 0.0}}, 'objectives': [{'type': 'beginDefuseWithKit', 'completions': 0, 'avg_completions': 0.0, 'first_completions': {'count': 0, 'percentage': 0.0}}, {'type': 'beginDefuseWithoutKit', 'completions': 0, 'avg_completions': 0.0, 'first_completions': {'count': 0, 'percentage': 0.0}}, {'type': 'defuseBomb', 'completions': 0, 'avg_completions': 0.0, 'first_completions': {'count': 0, 'percentage': 0.0}}, {'type': 'explodeBomb', 'completions': 0, 'avg_completions': 0.0, 'first_completions': {'count': 0, 'percentage': 0.0}}, {'type': 'plantBomb', 'completions': 0, 'avg_completions': 0.0, 'first_completions': {'count': 0, 'percentage': 0.0}}], 'win_rate': 0.0}]"
18906,"{'series_played': 0, 'games_played': 0}","{'kills': {'total': 0, 'average': 0.0, 'best': 0, 'worst': 0}, 'deaths': {'total': 0, 'average': 0.0, 'worst': 0, 'best': 0}, 'first_kills': {'total': 0, 'percentage': 0.0}, 'damage': {'total': 0, 'average': 0.0, 'max': 0}}","{'wins': {'count': 0, 'percentage': 0, 'current_streak': 0, 'max_streak': 0}}","{'net_worth': {'average': 0, 'max': 0}, 'inventory_value': {'average': 0, 'max': 0}}","[{'type': 'round', 'count': 0, 'combat': {'kills': {'total': 0, 'average': 0.0}, 'deaths': {'total': 0, 'average': 0.0}}, 'objectives': [{'type': 'beginDefuseWithKit', 'completions': 0, 'avg_completions': 0.0, 'first_completions': {'count': 0, 'percentage': 0.0}}, {'type': 'beginDefuseWithoutKit', 'completions': 0, 'avg_completions': 0.0, 'first_completions': {'count': 0, 'percentage': 0.0}}, {'type': 'defuseBomb', 'completions': 0, 'avg_completions': 0.0, 'first_completions': {'count': 0, 'percentage': 0.0}}, {'type': 'explodeBomb', 'completions': 0, 'avg_completions': 0.0, 'first_completions': {'count': 0, 'percentage': 0.0}}, {'type': 'plantBomb', 'completions': 0, 'avg_completions': 0.0, 'first_completions': {'count': 0, 'percentage': 0.0}}], 'win_rate': 0.0}]"
18910,"{'series_played': 0, 'games_played': 0}","{'kills': {'total': 0, 'average': 0.0, 'best': 0, 'worst': 0}, 'deaths': {'total': 0, 'average': 0.0, 'worst': 0, 'best': 0}, 'first_kills': {'total': 0, 'percentage': 0.0}, 'damage': {'total': 0, 'average': 0.0, 'max': 0}}","{'wins': {'count': 0, 'percentage': 0, 'current_streak': 0, 'max_streak': 0}}","{'net_worth': {'average': 0, 'max': 0}, 'inventory_value': {'average': 0, 'max': 0}}","[{'type': 'round', 'count': 0, 'combat': {'kills': {'total': 0, 'average': 0.0}, 'deaths': {'total': 0, 'average': 0.0}}, 'objectives': [{'type': 'beginDefuseWithKit', 'completions': 0, 'avg_completions': 0.0, 'first_completions': {'count': 0, 'percentage': 0.0}}, {'type': 'beginDefuseWithoutKit', 'completions': 0, 'avg_completions': 0.0, 'first_completions': {'count': 0, 'percentage': 0.0}}, {'type': 'defuseBomb', 'completions': 0, 'avg_completions': 0.0, 'first_completions': {'count': 0, 'percentage': 0.0}}, {'type': 'explodeBomb', 'completions': 0, 'avg_completions': 0.0, 'first_completions': {'count': 0, 'percentage': 0.0}}, {'type': 'plantBomb', 'completions': 0, 'avg_completions': 0.0, 'first_completions': {'count': 0, 'percentage': 0.0}}], 'win_rate': 0.0}]"
18912,"{'series_played': 0, 'games_played': 0}","{'kills': {'total': 0, 'average': 0.0, 'best': 0, 'worst': 0}, 'deaths': {'total': 0, 'average': 0.0, 'worst': 0, 'best': 0}, 'first_kills': {'total': 0, 'percentage': 0.0}, 'damage': {'total': 0, 'average': 0.0, 'max': 0}}","{'wins': {'count': 0, 'percentage': 0, 'current_streak': 0, 'max_streak': 0}}","{'net_worth': {'average': 0, 'max': 0}, 'inventory_value': {'average': 0, 'max': 0}}","[{'type': 'round', 'count': 0, 'combat': {'kills': {'total': 0, 'average': 0.0}, 'deaths': {'total': 0, 'average': 0.0}}, 'objectives': [{'type': 'beginDefuseWithKit', 'completions': 0, 'avg_completions': 0.0, 'first_completions': {'count': 0, 'percentage': 0.0}}, {'type': 'beginDefuseWithoutKit', 'completions': 0, 'avg_completions': 0.0, 'first_completions': {'count': 0, 'percentage': 0.0}}, {'type': 'defuseBomb', 'completions': 0, 'avg_completions': 0.0, 'first_completions': {'count': 0, 'percentage': 0.0}}, {'type': 'explodeBomb', 'completions': 0, 'avg_completions': 0.0, 'first_completions': {'count': 0, 'percentage': 0.0}}, {'type': 'plantBomb', 'completions': 0, 'avg_completions': 0.0, 'first_completions': {'count': 0, 'percentage': 0.0}}], 'win_rate': 0.0}]"
18925,"{'series_played': 0, 'games_played': 0}","{'kills': {'total': 0, 'average': 0.0, 'best': 0, 'worst': 0}, 'deaths': {'total': 0, 'average': 0.0, 'worst': 0, 'best': 0}, 'first_kills': {'total': 0, 'percentage': 0.0}, 'damage': {'total': 0, 'average': 0.0, 'max': 0}}","{'wins': {'count': 0, 'percentage': 0, 'current_streak': 0, 'max_streak': 0}}","{'net_worth': {'average': 0, 'max': 0}, 'inventory_value': {'average': 0, 'max': 0}}","[{'type': 'round', 'count': 0, 'combat': {'kills': {'total': 0, 'average': 0.0}, 'deaths': {'total': 0, 'average': 0.0}}, 'objectives': [{'type': 'beginDefuseWithKit', 'completions': 0, 'avg_completions': 0.0, 'first_completions': {'count': 0, 'percentage': 0.0}}, {'type': 'beginDefuseWithoutKit', 'completions': 0, 'avg_completions': 0.0, 'first_completions': {'count': 0, 'percentage': 0.0}}, {'type': 'defuseBomb', 'completions': 0, 'avg_completions': 0.0, 'first_completions': {'count': 0, 'percentage': 0.0}}, {'type': 'explodeBomb', 'completions': 0, 'avg_completions': 0.0, 'first_completions': {'count': 0, 'percentage': 0.0}}, {'type': 'plantBomb', 'completions': 0, 'avg_completions': 0.0, 'first_completions': {'count': 0, 'percentage': 0.0}}], 'win_rate': 0.0}]"
18932,"{'series_played': 0, 'games_played': 0}","{'kills': {'total': 0, 'average': 0.0, 'best': 0, 'worst': 0}, 'deaths': {'total': 0, 'average': 0.0, 'worst': 0, 'best': 0}, 'first_kills': {'total': 0, 'percentage': 0.0}, 'damage': {'total': 0, 'average': 0.0, 'max': 0}}","{'wins': {'count': 0, 'percentage': 0, 'current_streak': 0, 'max_streak': 0}}","{'net_worth': {'average': 0, 'max': 0}, 'inventory_value': {'average': 0, 'max': 0}}","[{'type': 'round', 'count': 0, 'combat': {'kills': {'total': 0, 'average': 0.0}, 'deaths': {'total': 0, 'average': 0.0}}, 'objectives': [{'type': 'beginDefuseWithKit', 'completions': 0, 'avg_completions': 0.0, 'first_completions': {'count': 0, 'percentage': 0.0}}, {'type': 'beginDefuseWithoutKit', 'completions': 0, 'avg_completions': 0.0, 'first_completions': {'count': 0, 'percentage': 0.0}}, {'type': 'explodeBomb', 'completions': 0, 'avg_completions': 0.0, 'first_completions': {'count': 0, 'percentage': 0.0}}, {'type': 'plantBomb', 'completions': 0, 'avg_completions': 0.0, 'first_completions': {'count': 0, 'percentage': 0.0}}], 'win_rate': 0.0}]"
18933,"{'series_played': 0, 'games_played': 0}","{'kills': {'total': 0, 'average': 0.0, 'best': 0, 'worst': 0}, 'deaths': {'total': 0, 'average': 0.0, 'worst': 0, 'best': 0}, 'first_kills': {'total': 0, 'percentage': 0.0}, 'damage': {'total': 0, 'average': 0.0, 'max': 0}}","{'wins': {'count': 0, 'percentage': 0, 'current_streak': 0, 'max_streak': 0}}","{'net_worth': {'average': 0, 'max': 0}, 'inventory_value': {'average': 0, 'max': 0}}","[{'type': 'round', 'count': 0, 'combat': {'kills': {'total': 0, 'average': 0.0}, 'deaths': {'total': 0, 'average': 0.0}}, 'objectives': [{'type': 'beginDefuseWithKit', 'completions': 0, 'avg_completions': 0.0, 'first_completions': {'count': 0, 'percentage': 0.0}}, {'type': 'beginDefuseWithoutKit', 'completions': 0, 'avg_completions': 0.0, 'first_completions': {'count': 0, 'percentage': 0.0}}, {'type': 'explodeBomb', 'completions': 0, 'avg_completions': 0.0, 'first_completions': {'count': 0, 'percentage': 0.0}}, {'type': 'plantBomb', 'completions': 0, 'avg_completions': 0.0, 'first_completions': {'count': 0, 'percentage': 0.0}}], 'win_rate': 0.0}]"
18934,"{'series_played': 0, 'games_played': 0}","{'kills': {'total': 0, 'average': 0.0, 'best': 0, 'worst': 0}, 'deaths': {'total': 0, 'average': 0.0, 'worst': 0, 'best': 0}, 'first_kills': {'total': 0, 'percentage': 0.0}, 'damage': {'total': 0, 'average': 0.0, 'max': 0}}","{'wins': {'count': 0, 'percentage': 0, 'current_streak': 0, 'max_streak': 0}}","{'net_worth': {'average': 0, 'max': 0}, 'inventory_value': {'average': 0, 'max': 0}}","[{'type': 'round', 'count': 0, 'combat': {'kills': {'total': 0, 'average': 0.0}, 'deaths': {'total': 0, 'average': 0.0}}, 'objectives': [{'type': 'beginDefuseWithKit', 'completions': 0, 'avg_completions': 0.0, 'first_completions': {'count': 0, 'percentage': 0.0}}, {'type': 'beginDefuseWithoutKit', 'completions': 0, 'avg_completions': 0.0, 'first_completions': {'count': 0, 'percentage': 0.0}}, {'type': 'explodeBomb', 'completions': 0, 'avg_completions': 0.0, 'first_completions': {'count': 0, 'percentage': 0.0}}, {'type': 'plantBomb', 'completions': 0, 'avg_completions': 0.0, 'first_completions': {'count': 0, 'percentage': 0.0}}], 'win_rate': 0.0}]"
18935,"{'series_played': 0, 'games_played': 0}","{'kills': {'total': 0, 'average': 0.0, 'best': 0, 'worst': 0}, 'deaths': {'total': 0, 'average': 0.0, 'worst': 0, 'best': 0}, 'first_kills': {'total': 0, 'percentage': 0.0}, 'damage': {'total': 0, 'average': 0.0, 'max': 0}}","{'wins': {'count': 0, 'percentage': 0, 'current_streak': 0, 'max_streak': 0}}","{'net_worth': {'average': 0, 'max': 0}, 'inventory_value': {'average': 0, 'max': 0}}","[{'type': 'round', 'count': 0, 'combat': {'kills': {'total': 0, 'average': 0.0}, 'deaths': {'total': 0, 'average': 0.0}}, 'objectives': [{'type': 'beginDefuseWithKit', 'completions': 0, 'avg_completions': 0.0, 'first_completions': {'count': 0, 'percentage': 0.0}}, {'type': 'beginDefuseWithoutKit', 'completions': 0, 'avg_completions': 0.0, 'first_completions': {'count': 0, 'percentage': 0.0}}, {'type': 'explodeBomb', 'completions': 0, 'avg_completions': 0.0, 'first_completions': {'count': 0, 'percentage': 0.0}}, {'type': 'plantBomb', 'completions': 0, 'avg_completions': 0.0, 'first_completions': {'count': 0, 'percentage': 0.0}}], 'win_rate': 0.0}]"
18936,"{'series_played': 0, 'games_played': 0}","{'kills': {'total': 0, 'average': 0.0, 'best': 0, 'worst': 0}, 'deaths': {'total': 0, 'average': 0.0, 'worst': 0, 'best': 0}, 'first_kills': {'total': 0, 'percentage': 0.0}, 'damage': {'total': 0, 'average': 0.0, 'max': 0}}","{'wins': {'count': 0, 'percentage': 0, 'current_streak': 0, 'max_streak': 0}}","{'net_worth': {'average': 0, 'max': 0}, 'inventory_value': {'average': 0, 'max': 0}}","[{'type': 'round', 'count': 0, 'combat': {'kills': {'total': 0, 'average': 0.0}, 'deaths': {'total': 0, 'average': 0.0}}, 'objectives': [{'type': 'beginDefuseWithKit', 'completions': 0, 'avg_completions': 0.0, 'first_completions': {'count': 0, 'percentage': 0.0}}, {'type': 'beginDefuseWithoutKit', 'completions': 0, 'avg_completions': 0.0, 'first_completions': {'count': 0, 'percentage': 0.0}}, {'type': 'explodeBomb', 'completions': 0, 'avg_completions': 0.0, 'first_completions': {'count': 0, 'percentage': 0.0}}, {'type': 'plantBomb', 'completions': 0, 'avg_completions': 0.0, 'first_completions': {'count': 0, 'percentage': 0.0}}], 'win_rate': 0.0}]"
18937,"{'series_played': 0, 'games_played': 0}","{'kills': {'total': 0, 'average': 0.0, 'best': 0, 'worst': 0}, 'deaths': {'total': 0, 'average': 0.0, 'worst': 0, 'best': 0}, 'first_kills': {'total': 0, 'percentage': 0.0}, 'damage': {'total': 0, 'average': 0.0, 'max': 0}}","{'wins': {'count': 0, 'percentage': 0, 'current_streak': 0, 'max_streak': 0}}","{'net_worth': {'average': 0, 'max': 0}, 'inventory_value': {'average': 0, 'max': 0}}","[{'type': 'round', 'count': 0, 'combat': {'kills': {'total': 0, 'average': 0.0}, 'deaths': {'total': 0, 'average': 0.0}}, 'objectives': [{'type': 'beginDefuseWithKit', 'completions': 0, 'avg_completions': 0.0, 'first_completions': {'count': 0, 'percentage': 0.0}}, {'type': 'beginDefuseWithoutKit', 'completions': 0, 'avg_completions': 0.0, 'first_completions': {'count': 0, 'percentage': 0.0}}, {'type': 'explodeBomb', 'completions': 0, 'avg_completions': 0.0, 'first_completions': {'count': 0, 'percentage': 0.0}}, {'type': 'plantBomb', 'completions': 0, 'avg_completions': 0.0, 'first_completions': {'count': 0, 'percentage': 0.0}}], 'win_rate': 0.0}]"
18938,"{'series_played': 0, 'games_played': 0}","{'kills': {'total': 0, 'average': 0.0, 'best': 0, 'worst': 0}, 'deaths': {'total': 0, 'average': 0.0, 'worst': 0, 'best': 0}, 'first_kills': {'total': 0, 'percentage': 0.0}, 'damage': {'total': 0, 'average': 0.0, 'max': 0}}","{'wins': {'count': 0, 'percentage': 0, 'current_streak': 0, 'max_streak': 0}}","{'net_worth': {'average': 0, 'max': 0}, 'inventory_value': {'average': 0, 'max': 0}}","[{'type': 'round', 'count': 0, 'combat': {'kills': {'total': 0, 'average': 0.0}, 'deaths': {'total': 0, 'average': 0.0}}, 'objectives': [{'type': 'beginDefuseWithKit', 'completions': 0, 'avg_completions': 0.0, 'first_completions': {'count': 0, 'percentage': 0.0}}, {'type': 'beginDefuseWithoutKit', 'completions': 0, 'avg_completions': 0.0, 'first_completions': {'count': 0, 'percentage': 0.0}}, {'type': 'explodeBomb', 'completions': 0, 'avg_completions': 0.0, 'first_completions': {'count': 0, 'percentage': 0.0}}, {'type': 'plantBomb', 'completions': 0, 'avg_completions': 0.0, 'first_completions': {'count': 0, 'percentage': 0.0}}], 'win_rate': 0.0}]"
18983,"{'series_played': 0, 'games_played': 0}","{'kills': {'total': 0, 'average': 0.0, 'best': 0, 'worst': 0}, 'deaths': {'total': 0, 'average': 0.0, 'worst': 0, 'best': 0}, 'first_kills': {'total': 0, 'percentage': 0.0}, 'damage': {'total': 0, 'average': 0.0, 'max': 0}}","{'wins': {'count': 0, 'percentage': 0, 'current_streak': 0, 'max_streak': 0}}","{'net_worth': {'average': 0, 'max': 0}, 'inventory_value': {'average': 0, 'max': 0}}","[{'type': 'round', 'count': 0, 'combat': {'kills': {'total': 0, 'average': 0.0}, 'deaths': {'total': 0, 'average': 0.0}}, 'objectives': [{'type': 'beginDefuseWithKit', 'completions': 0, 'avg_completions': 0.0, 'first_completions': {'count': 0, 'percentage': 0.0}}, {'type': 'beginDefuseWithoutKit', 'completions': 0, 'avg_completions': 0.0, 'first_completions': {'count': 0, 'percentage': 0.0}}, {'type': 'defuseBomb', 'completions': 0, 'avg_completions': 0.0, 'first_completions': {'count': 0, 'percentage': 0.0}}, {'type': 'explodeBomb', 'completions': 0, 'avg_completions': 0.0, 'first_completions': {'count': 0, 'percentage': 0.0}}, {'type': 'plantBomb', 'completions': 0, 'avg_completions': 0.0, 'first_completions': {'count': 0, 'percentage': 0.0}}], 'win_rate': 0.0}]"
18992,"{'series_played': 0, 'games_played': 0}","{'kills': {'total': 0, 'average': 0.0, 'best': 0, 'worst': 0}, 'deaths': {'total': 0, 'average': 0.0, 'worst': 0, 'best': 0}, 'first_kills': {'total': 0, 'percentage': 0.0}, 'damage': {'total': 0, 'average': 0.0, 'max': 0}}","{'wins': {'count': 0, 'percentage': 0, 'current_streak': 0, 'max_streak': 0}}","{'net_worth': {'average': 0, 'max': 0}, 'inventory_value': {'average': 0, 'max': 0}}","[{'type': 'round', 'count': 0, 'combat': {'kills': {'total': 0, 'average': 0.0}, 'deaths': {'total': 0, 'average': 0.0}}, 'objectives': [{'type': 'beginDefuseWithKit', 'completions': 0, 'avg_completions': 0.0, 'first_completions': {'count': 0, 'percentage': 0.0}}, {'type': 'beginDefuseWithoutKit', 'completions': 0, 'avg_completions': 0.0, 'first_completions': {'count': 0, 'percentage': 0.0}}, {'type': 'defuseBomb', 'completions': 0, 'avg_completions': 0.0, 'first_completions': {'count': 0, 'percentage': 0.0}}, {'type': 'explodeBomb', 'completions': 0, 'avg_completions': 0.0, 'first_completions': {'count': 0, 'percentage': 0.0}}, {'type': 'plantBomb', 'completions': 0, 'avg_completions': 0.0, 'first_completions': {'count': 0, 'percentage': 0.0}}], 'win_rate': 0.0}]"
19008,"{'series_played': 0, 'games_played': 0}","{'kills': {'total': 0, 'average': 0.0, 'best': 0, 'worst': 0}, 'deaths': {'total': 0, 'average': 0.0, 'worst': 0, 'best': 0}, 'first_kills': {'total': 0, 'percentage': 0.0}, 'damage': {'total': 0, 'average': 0.0, 'max': 0}}","{'wins': {'count': 0, 'percentage': 0, 'current_streak': 0, 'max_streak': 0}}","{'net_worth': {'average': 0, 'max': 0}, 'inventory_value': {'average': 0, 'max': 0}}","[{'type': 'round', 'count': 0, 'combat': {'kills': {'total': 0, 'average': 0.0}, 'deaths': {'total': 0, 'average': 0.0}}, 'objectives': [{'type': 'beginDefuseWithKit', 'completions': 0, 'avg_completions': 0.0, 'first_completions': {'count': 0, 'percentage': 0.0}}, {'type': 'beginDefuseWithoutKit', 'completions': 0, 'avg_completions': 0.0, 'first_completions': {'count': 0, 'percentage': 0.0}}, {'type': 'defuseBomb', 'completions': 0, 'avg_completions': 0.0, 'first_completions': {'count': 0, 'percentage': 0.0}}, {'type': 'explodeBomb', 'completions': 0, 'avg_completions': 0.0, 'first_completions': {'count': 0, 'percentage': 0.0}}, {'type': 'plantBomb', 'completions': 0, 'avg_completions': 0.0, 'first_completions': {'count': 0, 'percentage': 0.0}}], 'win_rate': 0.0}]"
19010,"{'series_played': 0, 'games_played': 0}","{'kills': {'total': 0, 'average': 0.0, 'best': 0, 'worst': 0}, 'deaths': {'total': 0, 'average': 0.0, 'worst': 0, 'best': 0}, 'first_kills': {'total': 0, 'percentage': 0.0}, 'damage': {'total': 0, 'average': 0.0, 'max': 0}}","{'wins': {'count': 0, 'percentage': 0, 'current_streak': 0, 'max_streak': 0}}","{'net_worth': {'average': 0, 'max': 0}, 'inventory_value': {'average': 0, 'max': 0}}","[{'type': 'round', 'count': 0, 'combat': {'kills': {'total': 0, 'average': 0.0}, 'deaths': {'total': 0, 'average': 0.0}}, 'objectives': [{'type': 'beginDefuseWithKit', 'completions': 0, 'avg_completions': 0.0, 'first_completions': {'count': 0, 'percentage': 0.0}}, {'type': 'beginDefuseWithoutKit', 'completions': 0, 'avg_completions': 0.0, 'first_completions': {'count': 0, 'percentage': 0.0}}, {'type': 'defuseBomb', 'completions': 0, 'avg_completions': 0.0, 'first_completions': {'count': 0, 'percentage': 0.0}}, {'type': 'explodeBomb', 'completions': 0, 'avg_completions': 0.0, 'first_completions': {'count': 0, 'percentage': 0.0}}, {'type': 'plantBomb', 'completions': 0, 'avg_completions': 0.0, 'first_completions': {'count': 0, 'percentage': 0.0}}], 'win_rate': 0.0}]"
19233,"{'series_played': 0, 'games_played': 0}","{'kills': {'total': 0, 'average': 0.0, 'best': 0, 'worst': 0}, 'deaths': {'total': 0, 'average': 0.0, 'worst': 0, 'best': 0}, 'first_kills': {'total': 0, 'percentage': 0.0}, 'damage': {'total': 0, 'average': 0.0, 'max': 0}}","{'wins': {'count': 0, 'percentage': 0, 'current_streak': 0, 'max_streak': 0}}","{'net_worth': {'average': 0, 'max': 0}, 'inventory_value': {'average': 0, 'max': 0}}","[{'type': 'round', 'count': 0, 'combat': {'kills': {'total': 0, 'average': 0.0}, 'deaths': {'total': 0, 'average': 0.0}}, 'objectives': [{'type': 'beginDefuseWithKit', 'completions': 0, 'avg_completions': 0.0, 'first_completions': {'count': 0, 'percentage': 0.0}}, {'type': 'beginDefuseWithoutKit', 'completions': 0, 'avg_completions': 0.0, 'first_completions': {'count': 0, 'percentage': 0.0}}, {'type': 'defuseBomb', 'completions': 0, 'avg_completions': 0.0, 'first_completions': {'count': 0, 'percentage': 0.0}}, {'type': 'explodeBomb', 'completions': 0, 'avg_completions': 0.0, 'first_completions': {'count': 0, 'percentage': 0.0}}, {'type': 'plantBomb', 'completions': 0, 'avg_completions': 0.0, 'first_completions': {'count': 0, 'percentage': 0.0}}], 'win_rate': 0.0}]"
19234,"{'series_played': 0, 'games_played': 0}","{'kills': {'total': 0, 'average': 0.0, 'best': 0, 'worst': 0}, 'deaths': {'total': 0, 'average': 0.0, 'worst': 0, 'best': 0}, 'first_kills': {'total': 0, 'percentage': 0.0}, 'damage': {'total': 0, 'average': 0.0, 'max': 0}}","{'wins': {'count': 0, 'percentage': 0, 'current_streak': 0, 'max_streak': 0}}","{'net_worth': {'average': 0, 'max': 0}, 'inventory_value': {'average': 0, 'max': 0}}","[{'type': 'round', 'count': 0, 'combat': {'kills': {'total': 0, 'average': 0.0}, 'deaths': {'total': 0, 'average': 0.0}}, 'objectives': [{'type': 'beginDefuseWithKit', 'completions': 0, 'avg_completions': 0.0, 'first_completions': {'count': 0, 'percentage': 0.0}}, {'type': 'beginDefuseWithoutKit', 'completions': 0, 'avg_completions': 0.0, 'first_completions': {'count': 0, 'percentage': 0.0}}, {'type': 'defuseBomb', 'completions': 0, 'avg_completions': 0.0, 'first_completions': {'count': 0, 'percentage': 0.0}}, {'type': 'explodeBomb', 'completions': 0, 'avg_completions': 0.0, 'first_completions': {'count': 0, 'percentage': 0.0}}, {'type': 'plantBomb', 'completions': 0, 'avg_completions': 0.0, 'first_completions': {'count': 0, 'percentage': 0.0}}], 'win_rate': 0.0}]"
19268,"{'series_played': 0, 'games_played': 0}","{'kills': {'total': 0, 'average': 0.0, 'best': 0, 'worst': 0}, 'deaths': {'total': 0, 'average': 0.0, 'worst': 0, 'best': 0}, 'first_kills': {'total': 0, 'percentage': 0.0}, 'damage': {'total': 0, 'average': 0.0, 'max': 0}}","{'wins': {'count': 0, 'percentage': 0, 'current_streak': 0, 'max_streak': 0}}","{'net_worth': {'average': 0, 'max': 0}, 'inventory_value': {'average': 0, 'max': 0}}","[{'type': 'round', 'count': 0, 'combat': {'kills': {'total': 0, 'average': 0.0}, 'deaths': {'total': 0, 'average': 0.0}}, 'objectives': [{'type': 'beginDefuseWithKit', 'completions': 0, 'avg_completions': 0.0, 'first_completions': {'count': 0, 'percentage': 0.0}}, {'type': 'beginDefuseWithoutKit', 'completions': 0, 'avg_completions': 0.0, 'first_completions': {'count': 0, 'percentage': 0.0}}, {'type': 'explodeBomb', 'completions': 0, 'avg_completions': 0.0, 'first_completions': {'count': 0, 'percentage': 0.0}}, {'type': 'plantBomb', 'completions': 0, 'avg_completions': 0.0, 'first_completions': {'count': 0, 'percentage': 0.0}}], 'win_rate': 0.0}]"
19270,"{'series_played': 0, 'games_played': 0}","{'kills': {'total': 0, 'average': 0.0, 'best': 0, 'worst': 0}, 'deaths': {'total': 0, 'average': 0.0, 'worst': 0, 'best': 0}, 'first_kills': {'total': 0, 'percentage': 0.0}, 'damage': {'total': 0, 'average': 0.0, 'max': 0}}","{'wins': {'count': 0, 'percentage': 0, 'current_streak': 0, 'max_streak': 0}}","{'net_worth': {'average': 0, 'max': 0}, 'inventory_value': {'average': 0, 'max': 0}}","[{'type': 'round', 'count': 0, 'combat': {'kills': {'total': 0, 'average': 0.0}, 'deaths': {'total': 0, 'average': 0.0}}, 'objectives': [{'type': 'beginDefuseWithKit', 'completions': 0, 'avg_completions': 0.0, 'first_completions': {'count': 0, 'percentage': 0.0}}, {'type': 'beginDefuseWithoutKit', 'completions': 0, 'avg_completions': 0.0, 'first_completions': {'count': 0, 'percentage': 0.0}}, {'type': 'explodeBomb', 'completions': 0, 'avg_completions': 0.0, 'first_completions': {'count': 0, 'percentage': 0.0}}, {'type': 'plantBomb', 'completions': 0, 'avg_completions': 0.0, 'first_completions': {'count': 0, 'percentage': 0.0}}], 'win_rate': 0.0}]"
19272,"{'series_played': 0, 'games_played': 0}","{'kills': {'total': 0, 'average': 0.0, 'best': 0, 'worst': 0}, 'deaths': {'total': 0, 'average': 0.0, 'worst': 0, 'best': 0}, 'first_kills': {'total': 0, 'percentage': 0.0}, 'damage': {'total': 0, 'average': 0.0, 'max': 0}}","{'wins': {'count': 0, 'percentage': 0, 'current_streak': 0, 'max_streak': 0}}","{'net_worth': {'average': 0, 'max': 0}, 'inventory_value': {'average': 0, 'max': 0}}","[{'type': 'round', 'count': 0, 'combat': {'kills': {'total': 0, 'average': 0.0}, 'deaths': {'total': 0, 'average': 0.0}}, 'objectives': [{'type': 'beginDefuseWithKit', 'completions': 0, 'avg_completions': 0.0, 'first_completions': {'count': 0, 'percentage': 0.0}}, {'type': 'beginDefuseWithoutKit', 'completions': 0, 'avg_completions': 0.0, 'first_completions': {'count': 0, 'percentage': 0.0}}, {'type': 'explodeBomb', 'completions': 0, 'avg_completions': 0.0, 'first_completions': {'count': 0, 'percentage': 0.0}}, {'type': 'plantBomb', 'completions': 0, 'avg_completions': 0.0, 'first_completions': {'count': 0, 'percentage': 0.0}}], 'win_rate': 0.0}]"
